name: HistologySegment
channels:
  - bioconda
  - cdeepakroy
  - anaconda
  - conda-forge
  - defaults
dependencies:
  - blas=1.0=mkl
  - intel-openmp=2019.1=144
  - libgfortran-ng=7.3.0=hdf63c60_0
  - gdk-pixbuf=2.32.2=1
  - openslide=3.4.1=2
  - openslide-python=1.1.0=py27_0
  - backports=1.0=py_2
  - backports.functools_lru_cache=1.5=py_1
  - backports_abc=0.5=py_1
  - bzip2=1.0.6=h470a237_2
  - ca-certificates=2018.11.29=ha4d7672_0
  - certifi=2018.11.29=py27_1000
  - cycler=0.10.0=py_1
  - expat=2.2.5=hfc679d8_2
  - ffmpeg=4.0.2=ha0c5888_2
  - freeglut=3.0.0=hfc679d8_5
  - functools32=3.2.3.2=py_3
  - futures=3.2.0=py27_1000
  - gmp=6.1.2=hfc679d8_0
  - gnutls=3.5.19=h2a4e5f8_1
  - graphite2=1.3.12=hfc679d8_1
  - harfbuzz=1.9.0=h04dbb29_1
  - hdf5=1.10.2=hc401514_2
  - kiwisolver=1.0.1=py27h2d50403_2
  - libgfortran=3.0.0=1
  - libglu=9.0.0=hfc679d8_0
  - libiconv=1.15=h470a237_3
  - matplotlib=2.2.3=py27h8e2386c_0
  - nettle=3.3=0
  - openh264=1.8.0=hd28b015_0
  - openssl=1.0.2p=h470a237_1
  - pyparsing=2.3.0=py_0
  - pyqt=5.6.0=py27h8210e8a_7
  - python=2.7.15=h33da82c_4
  - singledispatch=3.4.0.3=py27_1000
  - sip=4.18.1=py27hfc679d8_0
  - subprocess32=3.5.3=py27h470a237_0
  - tornado=5.1.1=py27h470a237_0
  - x264=1!152.20180717=h470a237_1
  - cairo=1.14.12=h8948797_3
  - dbus=1.13.2=h714fa37_1
  - fontconfig=2.13.0=h9420a91_0
  - freetype=2.9.1=h8a8886c_1
  - glib=2.56.2=hd408876_0
  - gobject-introspection=1.56.1=py27hbc4ca2d_2
  - gst-plugins-base=1.14.0=hbbd80ab_1
  - gstreamer=1.14.0=hb453b48_1
  - icu=58.2=h9c2bf20_1
  - jasper=2.0.14=h07fcdf6_1
  - jpeg=9b=h024ee3a_2
  - libedit=3.1.20170329=h6b74fdf_2
  - libffi=3.2.1=hd88cf55_4
  - libgcc=7.2.0=h69d50b8_2
  - libgcc-ng=8.2.0=hdf63c60_1
  - libopencv=3.4.2=hb342d67_1
  - libpng=1.6.35=hbc83047_0
  - libstdcxx-ng=8.2.0=hdf63c60_1
  - libtiff=4.0.9=he85c1e1_2
  - libuuid=1.0.3=h1bed415_2
  - libxcb=1.13=h1bed415_1
  - libxml2=2.9.8=h26e45fe_1
  - mkl=2018.0.3=1
  - mkl_fft=1.0.6=py27h7dd41cf_0
  - mkl_random=1.0.1=py27h4414c95_1
  - ncurses=6.1=he6710b0_1
  - numpy=1.15.4=py27h1d66e8a_0
  - numpy-base=1.15.4=py27h81de0dd_0
  - olefile=0.46=py27_0
  - opencv=3.4.2=py27h6fd60c2_1
  - openjpeg=2.3.0=h05c96fa_1
  - pandas=0.23.4=py27h04863e7_0
  - pcre=8.42=h439df22_0
  - pillow=5.3.0=py27h34e0f95_0
  - pip=18.1=py27_0
  - pixman=0.34.0=hceecf20_3
  - py-opencv=3.4.2=py27hb342d67_1
  - python-dateutil=2.7.5=py27_0
  - pytz=2018.7=py27_0
  - qt=5.6.3=h8bf5577_3
  - readline=7.0=h7b6447c_5
  - setuptools=40.6.2=py27_0
  - six=1.11.0=py27_1
  - sqlite=3.25.3=h7b6447c_0
  - tk=8.6.8=hbc83047_0
  - wheel=0.32.3=py27_0
  - xz=5.2.4=h14c3975_4
  - zlib=1.2.11=h7b6447c_3
  - pip:
    - pbr==4.1.0
    - stevedore==1.28.0
    - virtualenv==16.0.0
    - virtualenv-clone==0.3.0
    - virtualenvwrapper==4.8.2
    - wand==0.4.5